4.000000059604644775e-01 7.607843279838562012e-01 6.470588445663452148e-01
9.813148796558380793e-01 5.553864163510939811e-01 3.874048513524672166e-01
5.543252860798556503e-01 6.271126712069792219e-01 7.959554139305563547e-01
9.031141926260556341e-01 5.418531607179080112e-01 7.649519555708941265e-01
6.537178214858562209e-01 8.470895900445826188e-01 3.282737509877073356e-01
9.986312957370983012e-01 8.509650223395404112e-01 1.848827413484161741e-01
8.957324168261359132e-01 7.678431510925293191e-01 5.818224009345559500e-01
7.019608020782470703e-01 7.019608020782470703e-01 7.019608020782470703e-01
9.843137264251708984e-01 7.058823704719543457e-01 6.823529601097106934e-01
7.023452695678261692e-01 8.043829413021311714e-01 8.897347239887013481e-01
8.005536451059229730e-01 9.205843953525318923e-01 7.735025125391342682e-01
8.720645981676438119e-01 7.967243489097146636e-01 8.912572152474347309e-01
9.961399464046254426e-01 8.533179633757647098e-01 6.533179752966936649e-01
9.980007690541884413e-01 9.970011535812827175e-01 7.988466094521915473e-01
9.002537545035866895e-01 8.472433770404143027e-01 7.455132792977725575e-01
9.909727033446816824e-01 8.574855909628026351e-01 9.261361059020547515e-01
5.529412031173706055e-01 8.274509906768798828e-01 7.803921699523925781e-01
9.964936564950381825e-01 9.986466744366814252e-01 7.025759500615736952e-01
7.490965163006502170e-01 7.336563019191517654e-01 8.525028922978569179e-01
9.786851223777321973e-01 5.073126014541177176e-01 4.566551359260783705e-01
5.077278263428630645e-01 6.942560735870809685e-01 8.222376111675712140e-01
9.910188394434311654e-01 7.065282758544473296e-01 3.844213832827175215e-01
7.030988258474013541e-01 8.699423376251669282e-01 4.116570602445041582e-01
9.848673596101648053e-01 8.047058939933776633e-01 8.923183451680574141e-01
7.019608020782470703e-01 8.862745165824890137e-01 8.039215803146362305e-01
9.887427919051227088e-01 8.048904383883757063e-01 6.760323145810295253e-01
7.967089702101315396e-01 8.351249617688796256e-01 9.097424121463999480e-01
9.556016943034004729e-01 7.924952065243440202e-01 8.942406829665688894e-01
9.027297251364764241e-01 9.606920438654282801e-01 7.874048569623161020e-01
9.996155325104209011e-01 9.490657469805549029e-01 6.827681849984561513e-01
9.433910068343667188e-01 8.852595224100000548e-01 8.000000119209289551e-01
8.000000119209289551e-01 8.000000119209289551e-01 8.000000119209289551e-01
4.980392158031463623e-01 7.882353067398071289e-01 4.980392158031463623e-01
7.421914798371932465e-01 6.835986347759470672e-01 8.274509903262643462e-01
9.921876206117518082e-01 7.539100492701811262e-01 5.257824196534998107e-01
9.999384852016673930e-01 9.980622838525211593e-01 5.994156332576976443e-01
2.252672067459895733e-01 4.202691317846375396e-01 6.886889841042311833e-01
9.383467931957806263e-01 9.473279987772253996e-03 4.987927721995932817e-01
7.449135096634134090e-01 3.573702507159289277e-01 9.384083257002003020e-02
4.000000059604644775e-01 4.000000059604644775e-01 4.000000059604644775e-01
8.941176533699035645e-01 1.019607856869697571e-01 1.098039224743843079e-01
2.160246080043269068e-01 4.948712038058860618e-01 7.198769869757634110e-01
3.042676012890011550e-01 6.832910605505401191e-01 2.929334996962079662e-01
6.008304736193488260e-01 3.081430333502152563e-01 6.316955229815315320e-01
1.000000000000000000e+00 5.059131104572146542e-01 3.137254948709525346e-03
9.931564786854911731e-01 9.870049982678656963e-01 1.991541745031581156e-01
6.584544609574710661e-01 3.412226168548359584e-01 1.707958535236470954e-01
9.585082685246186784e-01 5.084660039228551254e-01 7.449288887136122916e-01
6.509804129600524902e-01 8.078431487083435059e-01 8.901960849761962891e-01
1.257208769520123948e-01 4.732333736092436682e-01 7.073279682327719975e-01
6.889965575115352125e-01 8.681737867056154023e-01 5.437601194662207149e-01
2.117185731144512473e-01 6.332641510402454710e-01 1.812226118410334985e-01
9.832064600551829736e-01 5.980161709820523974e-01 5.942330108845936820e-01
8.905959311653586230e-01 1.044982713227179255e-01 1.110803546274409942e-01
9.917570170234231153e-01 7.464821371669861927e-01 4.340176893507732836e-01
9.999077278025010340e-01 5.009919264737298095e-01 5.121107311809869334e-03
